3	1	1	100	3	1	1
453714	0.80915	0.99949	0.92311	0.50046	0.59677	0.66124	0.71369	0.75069	
3	10	1	100	3	10	1
443227	0.80965	0.99903	0.91983	0.49032	0.58664	0.65203	0.70424	0.74113	
3	30	1	100	3	30	1
427198	0.80999	0.9971	0.91352	0.4765	0.57189	0.63729	0.68949	0.7266	
3	50	1	100	3	50	1
414519	0.8103	0.99608	0.90845	0.4682	0.56313	0.62746	0.67935	0.71668	
3	70	1	100	3	70	1
402985	0.81051	0.99539	0.90494	0.46175	0.55484	0.61855	0.67059	0.70895	
3	90	1	100	3	90	1
392083	0.81068	0.9947	0.90167	0.44977	0.54608	0.61087	0.66275	0.70105	
3	110	1	100	3	110	1
381568	0.81085	0.99433	0.8977	0.44147	0.53733	0.60227	0.65468	0.69241	
3	130	1	100	3	130	1
371476	0.81128	0.99387	0.89379	0.43594	0.52811	0.59337	0.64546	0.68303	
3	150	1	100	3	150	1
361600	0.81141	0.99332	0.88918	0.42304	0.51843	0.58385	0.63601	0.67402	
3	1	3	100	3	1	3
549806	0.74572	0.98617	0.90739	0.35668	0.49401	0.58077	0.64269	0.69094	
3	10	3	100	3	10	3
537493	0.74654	0.98525	0.90513	0.35023	0.48894	0.57586	0.63762	0.6856	
3	30	3	100	3	30	3
518286	0.74736	0.98248	0.89913	0.34101	0.47742	0.56235	0.62379	0.67163	
3	50	3	100	3	50	3
503331	0.74791	0.98133	0.89466	0.32903	0.4659	0.55221	0.61319	0.66152	
3	70	3	100	3	70	3
489828	0.74832	0.98032	0.89208	0.32166	0.45945	0.54576	0.60742	0.656	
3	90	3	100	3	90	3
477095	0.74878	0.97935	0.88835	0.31521	0.45253	0.53931	0.60028	0.6481	
3	110	3	100	3	110	3
464751	0.7492	0.97856	0.88517	0.30783	0.44424	0.53194	0.59244	0.64038	
3	130	3	100	3	130	3
452854	0.74977	0.97801	0.88162	0.3023	0.43733	0.52457	0.58414	0.63229	
3	150	3	100	3	150	3
441172	0.75013	0.97741	0.87807	0.29493	0.42811	0.51474	0.57607	0.6242	
3	1	5	100	3	1	5
427484	0.69775	0.95528	0.831	0.2765	0.35945	0.43243	0.48686	0.53337	
3	10	5	100	3	10	5
417482	0.69858	0.95445	0.82796	0.27281	0.35438	0.42783	0.48064	0.52749	
3	30	5	100	3	30	5
401785	0.69915	0.95178	0.82233	0.26175	0.34516	0.41953	0.47095	0.51737	
3	50	5	100	3	50	5
389508	0.69951	0.9503	0.81703	0.25069	0.33594	0.40909	0.46081	0.50745	
3	70	5	100	3	70	5
378432	0.69976	0.94934	0.81279	0.24424	0.32903	0.40264	0.4532	0.50028	
3	90	5	100	3	90	5
368131	0.70023	0.94841	0.80896	0.24055	0.32488	0.39773	0.44836	0.49531	
3	110	5	100	3	110	5
358214	0.70067	0.94758	0.80518	0.23502	0.31935	0.39097	0.44214	0.48833	
3	130	5	100	3	130	5
348539	0.70118	0.94685	0.80163	0.22949	0.31336	0.38575	0.43684	0.48336	
3	150	5	100	3	150	5
339221	0.70161	0.94597	0.79734	0.22212	0.30645	0.37838	0.429	0.47637	
3	1	7	100	3	1	7
427484	0.69775	0.95528	0.831	0.2765	0.35945	0.43243	0.48686	0.53337	
3	10	7	100	3	10	7
417482	0.69858	0.95445	0.82796	0.27281	0.35438	0.42783	0.48064	0.52749	
3	30	7	100	3	30	7
401785	0.69915	0.95178	0.82233	0.26175	0.34516	0.41953	0.47095	0.51737	
3	50	7	100	3	50	7
389508	0.69951	0.9503	0.81703	0.25069	0.33594	0.40909	0.46081	0.50745	
3	70	7	100	3	70	7
378432	0.69976	0.94934	0.81279	0.24424	0.32903	0.40264	0.4532	0.50028	
3	90	7	100	3	90	7
368131	0.70023	0.94841	0.80896	0.24055	0.32488	0.39773	0.44836	0.49531	
3	110	7	100	3	110	7
358214	0.70067	0.94758	0.80518	0.23502	0.31935	0.39097	0.44214	0.48833	
3	130	7	100	3	130	7
348539	0.70118	0.94685	0.80163	0.22949	0.31336	0.38575	0.43684	0.48336	
3	150	7	100	3	150	7
339221	0.70161	0.94597	0.79734	0.22212	0.30645	0.37838	0.429	0.47637	
3	1	9	100	3	1	9
305325	0.628	0.91965	0.70713	0.17419	0.23548	0.29054	0.33034	0.36459	
3	10	9	100	3	10	9
297142	0.62773	0.91909	0.70298	0.16866	0.22903	0.28471	0.3248	0.35889	
3	30	9	100	3	30	9
284806	0.62722	0.91656	0.69754	0.15945	0.22166	0.27641	0.31627	0.35043	
3	50	9	100	3	50	9
275247	0.6268	0.91559	0.69228	0.15484	0.21705	0.27119	0.31051	0.34345	
3	70	9	100	3	70	9
266845	0.62665	0.91476	0.68864	0.14839	0.21152	0.26505	0.30498	0.33848	
3	90	9	100	3	90	9
259071	0.62677	0.91384	0.68495	0.14654	0.20829	0.26136	0.30083	0.33407	
3	110	9	100	3	110	9
251690	0.62687	0.91324	0.68094	0.14009	0.20138	0.25491	0.29507	0.328	
3	130	9	100	3	130	9
244582	0.62721	0.91259	0.67679	0.13548	0.19677	0.25092	0.29046	0.3223	
3	150	9	100	3	150	9
237581	0.62722	0.9119	0.67278	0.13364	0.19263	0.24539	0.28562	0.31789	
3	1	11	100	3	1	11
305325	0.628	0.91965	0.70713	0.17419	0.23548	0.29054	0.33034	0.36459	
3	10	11	100	3	10	11
297142	0.62773	0.91909	0.70298	0.16866	0.22903	0.28471	0.3248	0.35889	
3	30	11	100	3	30	11
284806	0.62722	0.91656	0.69754	0.15945	0.22166	0.27641	0.31627	0.35043	
3	50	11	100	3	50	11
275247	0.6268	0.91559	0.69228	0.15484	0.21705	0.27119	0.31051	0.34345	
3	70	11	100	3	70	11
266845	0.62665	0.91476	0.68864	0.14839	0.21152	0.26505	0.30498	0.33848	
3	90	11	100	3	90	11
259071	0.62677	0.91384	0.68495	0.14654	0.20829	0.26136	0.30083	0.33407	
3	110	11	100	3	110	11
251690	0.62687	0.91324	0.68094	0.14009	0.20138	0.25491	0.29507	0.328	
3	130	11	100	3	130	11
244582	0.62721	0.91259	0.67679	0.13548	0.19677	0.25092	0.29046	0.3223	
3	150	11	100	3	150	11
237581	0.62722	0.9119	0.67278	0.13364	0.19263	0.24539	0.28562	0.31789	
3	1	13	100	3	1	13
305325	0.628	0.91965	0.70713	0.17419	0.23548	0.29054	0.33034	0.36459	
3	10	13	100	3	10	13
297142	0.62773	0.91909	0.70298	0.16866	0.22903	0.28471	0.3248	0.35889	
3	30	13	100	3	30	13
284806	0.62722	0.91656	0.69754	0.15945	0.22166	0.27641	0.31627	0.35043	
3	50	13	100	3	50	13
275247	0.6268	0.91559	0.69228	0.15484	0.21705	0.27119	0.31051	0.34345	
3	70	13	100	3	70	13
266845	0.62665	0.91476	0.68864	0.14839	0.21152	0.26505	0.30498	0.33848	
3	90	13	100	3	90	13
259071	0.62677	0.91384	0.68495	0.14654	0.20829	0.26136	0.30083	0.33407	
3	110	13	100	3	110	13
251690	0.62687	0.91324	0.68094	0.14009	0.20138	0.25491	0.29507	0.328	
3	130	13	100	3	130	13
244582	0.62721	0.91259	0.67679	0.13548	0.19677	0.25092	0.29046	0.3223	
3	150	13	100	3	150	13
237581	0.62722	0.9119	0.67278	0.13364	0.19263	0.24539	0.28562	0.31789	
3	1	15	100	3	1	15
37047	0.34703	0.3328	0.14388	0.015668	0.022581	0.027641	0.034578	0.039162	
3	10	15	100	3	10	15
35704	0.34377	0.33233	0.1424	0.014747	0.020737	0.026106	0.033195	0.037875	
3	30	15	100	3	30	15
33891	0.34118	0.33123	0.13996	0.012903	0.019355	0.02457	0.031351	0.035301	
3	50	15	100	3	50	15
32607	0.33977	0.33086	0.13839	0.012903	0.017972	0.023034	0.029968	0.034197	
3	70	15	100	3	70	15
31518	0.33872	0.33049	0.13715	0.012903	0.017972	0.023034	0.029737	0.033646	
3	90	15	100	3	90	15
30513	0.33794	0.33012	0.13613	0.011982	0.017512	0.022727	0.029276	0.033278	
3	110	15	100	3	110	15
29549	0.33711	0.32985	0.13457	0.011982	0.017512	0.022727	0.028815	0.03291	
3	130	15	100	3	130	15
28683	0.33689	0.32957	0.13369	0.011982	0.017512	0.02242	0.027893	0.031991	
3	150	15	100	3	150	15
27828	0.33646	0.32915	0.13235	0.01106	0.016129	0.021499	0.026971	0.031072	
5	1	1	100	5	1	1
437509	0.79802	0.99438	0.8918	0.38249	0.49217	0.5691	0.62563	0.66961	
5	10	1	100	5	10	1
429712	0.79864	0.99382	0.88941	0.37788	0.48756	0.5648	0.62079	0.66501	
5	30	1	100	5	30	1
417775	0.79918	0.99189	0.88369	0.36682	0.4765	0.55221	0.60811	0.65251	
5	50	1	100	5	50	1
406885	0.79956	0.99092	0.87963	0.36129	0.47051	0.54699	0.60143	0.6446	
5	70	1	100	5	70	1
395952	0.79983	0.99013	0.87595	0.35576	0.46498	0.54115	0.59428	0.6378	
5	90	1	100	5	90	1
384938	0.79998	0.98935	0.87207	0.34747	0.4576	0.53378	0.58645	0.63063	
5	110	1	100	5	110	1
374006	0.80019	0.98866	0.86815	0.34194	0.44931	0.52549	0.57746	0.62181	
5	130	1	100	5	130	1
363766	0.80067	0.98778	0.86364	0.33548	0.43963	0.5172	0.56962	0.61372	
5	150	1	100	5	150	1
353649	0.8012	0.98695	0.85916	0.32719	0.42995	0.50768	0.56017	0.60434	
5	1	3	100	5	1	3
526046	0.74536	0.96925	0.87724	0.34101	0.43364	0.52027	0.58068	0.62824	
5	10	3	100	5	10	3
516823	0.74621	0.96847	0.87512	0.33733	0.43041	0.51658	0.57676	0.62346	
5	30	3	100	5	30	3
502721	0.74703	0.96593	0.87064	0.32903	0.42258	0.50921	0.5687	0.61519	
5	50	3	100	5	50	3
489988	0.74752	0.96478	0.86797	0.32627	0.41982	0.50614	0.56293	0.6093	
5	70	3	100	5	70	3
477090	0.74792	0.96344	0.86507	0.32258	0.41336	0.50031	0.5574	0.60397	
5	90	3	100	5	90	3
464132	0.74821	0.96234	0.86165	0.31613	0.40691	0.49294	0.54956	0.59662	
5	110	3	100	5	110	3
451355	0.74844	0.96146	0.85815	0.30968	0.4023	0.48741	0.54242	0.58945	
5	130	3	100	5	130	3
439122	0.74888	0.96012	0.85414	0.30599	0.39631	0.48004	0.53458	0.58172	
5	150	3	100	5	150	3
427145	0.74948	0.95925	0.85059	0.2977	0.39032	0.4742	0.52766	0.57455	
5	1	5	100	5	1	5
526046	0.74536	0.96925	0.87724	0.34101	0.43364	0.52027	0.58068	0.62824	
5	10	5	100	5	10	5
516823	0.74621	0.96847	0.87512	0.33733	0.43041	0.51658	0.57676	0.62346	
5	30	5	100	5	30	5
502721	0.74703	0.96593	0.87064	0.32903	0.42258	0.50921	0.5687	0.61519	
5	50	5	100	5	50	5
489988	0.74752	0.96478	0.86797	0.32627	0.41982	0.50614	0.56293	0.6093	
5	70	5	100	5	70	5
477090	0.74792	0.96344	0.86507	0.32258	0.41336	0.50031	0.5574	0.60397	
5	90	5	100	5	90	5
464132	0.74821	0.96234	0.86165	0.31613	0.40691	0.49294	0.54956	0.59662	
5	110	5	100	5	110	5
451355	0.74844	0.96146	0.85815	0.30968	0.4023	0.48741	0.54242	0.58945	
5	130	5	100	5	130	5
439122	0.74888	0.96012	0.85414	0.30599	0.39631	0.48004	0.53458	0.58172	
5	150	5	100	5	150	5
427145	0.74948	0.95925	0.85059	0.2977	0.39032	0.4742	0.52766	0.57455	
5	1	7	100	5	1	7
526046	0.74536	0.96925	0.87724	0.34101	0.43364	0.52027	0.58068	0.62824	
5	10	7	100	5	10	7
516823	0.74621	0.96847	0.87512	0.33733	0.43041	0.51658	0.57676	0.62346	
5	30	7	100	5	30	7
502721	0.74703	0.96593	0.87064	0.32903	0.42258	0.50921	0.5687	0.61519	
5	50	7	100	5	50	7
489988	0.74752	0.96478	0.86797	0.32627	0.41982	0.50614	0.56293	0.6093	
5	70	7	100	5	70	7
477090	0.74792	0.96344	0.86507	0.32258	0.41336	0.50031	0.5574	0.60397	
5	90	7	100	5	90	7
464132	0.74821	0.96234	0.86165	0.31613	0.40691	0.49294	0.54956	0.59662	
5	110	7	100	5	110	7
451355	0.74844	0.96146	0.85815	0.30968	0.4023	0.48741	0.54242	0.58945	
5	130	7	100	5	130	7
439122	0.74888	0.96012	0.85414	0.30599	0.39631	0.48004	0.53458	0.58172	
5	150	7	100	5	150	7
427145	0.74948	0.95925	0.85059	0.2977	0.39032	0.4742	0.52766	0.57455	
5	1	9	100	5	1	9
434609	0.71387	0.94431	0.8109	0.26083	0.33963	0.41523	0.46911	0.51131	
5	10	9	100	5	10	9
426969	0.71461	0.9432	0.8085	0.25622	0.33687	0.41216	0.46519	0.50708	
5	30	9	100	5	30	9
414959	0.71517	0.94081	0.80431	0.25161	0.33088	0.40663	0.45897	0.5012	
5	50	9	100	5	50	9
403984	0.71561	0.93984	0.80122	0.24793	0.32765	0.40326	0.45367	0.49568	
5	70	9	100	5	70	9
393153	0.71607	0.93883	0.79776	0.24516	0.32396	0.39834	0.44813	0.48961	
5	90	9	100	5	90	9
382244	0.71638	0.938	0.79426	0.24055	0.31797	0.39189	0.44145	0.48318	
5	110	9	100	5	110	9
371478	0.71677	0.93689	0.79066	0.23687	0.31336	0.38636	0.43615	0.47729	
5	130	9	100	5	130	9
361246	0.71734	0.93592	0.78647	0.23318	0.30737	0.37961	0.42854	0.46902	
5	150	9	100	5	150	9
351055	0.71785	0.93509	0.78315	0.22765	0.3023	0.37439	0.42278	0.4635	
5	1	11	100	5	1	11
434609	0.71387	0.94431	0.8109	0.26083	0.33963	0.41523	0.46911	0.51131	
5	10	11	100	5	10	11
426969	0.71461	0.9432	0.8085	0.25622	0.33687	0.41216	0.46519	0.50708	
5	30	11	100	5	30	11
414959	0.71517	0.94081	0.80431	0.25161	0.33088	0.40663	0.45897	0.5012	
5	50	11	100	5	50	11
403984	0.71561	0.93984	0.80122	0.24793	0.32765	0.40326	0.45367	0.49568	
5	70	11	100	5	70	11
393153	0.71607	0.93883	0.79776	0.24516	0.32396	0.39834	0.44813	0.48961	
5	90	11	100	5	90	11
382244	0.71638	0.938	0.79426	0.24055	0.31797	0.39189	0.44145	0.48318	
5	110	11	100	5	110	11
371478	0.71677	0.93689	0.79066	0.23687	0.31336	0.38636	0.43615	0.47729	
5	130	11	100	5	130	11
361246	0.71734	0.93592	0.78647	0.23318	0.30737	0.37961	0.42854	0.46902	
5	150	11	100	5	150	11
351055	0.71785	0.93509	0.78315	0.22765	0.3023	0.37439	0.42278	0.4635	
5	1	13	100	5	1	13
301046	0.6621	0.87332	0.67186	0.16959	0.22304	0.27826	0.32065	0.35779	
5	10	13	100	5	10	13
295147	0.66231	0.87272	0.66933	0.16682	0.21935	0.27457	0.31697	0.35374	
5	30	13	100	5	30	13
285842	0.66191	0.8706	0.66453	0.16129	0.21382	0.26873	0.31028	0.34712	
5	50	13	100	5	50	13
277467	0.66156	0.86921	0.66052	0.15576	0.20968	0.26382	0.30429	0.34106	
5	70	13	100	5	70	13
269443	0.6615	0.8682	0.65697	0.15484	0.20691	0.25952	0.30014	0.33646	
5	90	13	100	5	90	13
261512	0.66163	0.86751	0.65407	0.15115	0.20415	0.25645	0.29737	0.33315	
5	110	13	100	5	110	13
253713	0.66165	0.86691	0.65038	0.14747	0.2	0.25215	0.29322	0.32892	
5	130	13	100	5	130	13
246329	0.66185	0.86608	0.64678	0.14378	0.19631	0.24816	0.28838	0.32304	
5	150	13	100	5	150	13
238952	0.66215	0.86525	0.643	0.13641	0.19124	0.24324	0.28262	0.31807	
5	1	15	100	5	1	15
301046	0.6621	0.87332	0.67186	0.16959	0.22304	0.27826	0.32065	0.35779	
5	10	15	100	5	10	15
295147	0.66231	0.87272	0.66933	0.16682	0.21935	0.27457	0.31697	0.35374	
5	30	15	100	5	30	15
285842	0.66191	0.8706	0.66453	0.16129	0.21382	0.26873	0.31028	0.34712	
5	50	15	100	5	50	15
277467	0.66156	0.86921	0.66052	0.15576	0.20968	0.26382	0.30429	0.34106	
5	70	15	100	5	70	15
269443	0.6615	0.8682	0.65697	0.15484	0.20691	0.25952	0.30014	0.33646	
5	90	15	100	5	90	15
261512	0.66163	0.86751	0.65407	0.15115	0.20415	0.25645	0.29737	0.33315	
5	110	15	100	5	110	15
253713	0.66165	0.86691	0.65038	0.14747	0.2	0.25215	0.29322	0.32892	
5	130	15	100	5	130	15
246329	0.66185	0.86608	0.64678	0.14378	0.19631	0.24816	0.28838	0.32304	
5	150	15	100	5	150	15
238952	0.66215	0.86525	0.643	0.13641	0.19124	0.24324	0.28262	0.31807	
7	1	1	100	7	1	1
430714	0.78724	0.98705	0.86184	0.32535	0.41935	0.50123	0.56132	0.6036	
7	10	1	100	7	10	1
424321	0.78806	0.98645	0.85921	0.32074	0.41475	0.49724	0.55556	0.59846	
7	30	1	100	7	30	1
414165	0.78857	0.9846	0.85515	0.31152	0.40645	0.48925	0.54864	0.59129	
7	50	1	100	7	50	1
403458	0.78879	0.98317	0.85077	0.30599	0.39954	0.4828	0.54219	0.58393	
7	70	1	100	7	70	1
391805	0.78906	0.98244	0.84815	0.30323	0.3977	0.47973	0.53804	0.58025	
7	90	1	100	7	90	1
379926	0.78954	0.9817	0.84446	0.29493	0.3894	0.47052	0.52951	0.57124	
7	110	1	100	7	110	1
367838	0.79011	0.98087	0.84059	0.29032	0.38249	0.46253	0.52052	0.56297	
7	130	1	100	7	130	1
355862	0.79038	0.98036	0.83616	0.28756	0.37742	0.457	0.51406	0.55654	
7	150	1	100	7	150	1
344187	0.79082	0.97939	0.83174	0.28111	0.36959	0.44871	0.50507	0.54808	
7	1	3	100	7	1	3
430714	0.78724	0.98705	0.86184	0.32535	0.41935	0.50123	0.56132	0.6036	
7	10	3	100	7	10	3
424321	0.78806	0.98645	0.85921	0.32074	0.41475	0.49724	0.55556	0.59846	
7	30	3	100	7	30	3
414165	0.78857	0.9846	0.85515	0.31152	0.40645	0.48925	0.54864	0.59129	
7	50	3	100	7	50	3
403458	0.78879	0.98317	0.85077	0.30599	0.39954	0.4828	0.54219	0.58393	
7	70	3	100	7	70	3
391805	0.78906	0.98244	0.84815	0.30323	0.3977	0.47973	0.53804	0.58025	
7	90	3	100	7	90	3
9	1	1	100	9	1	1
430127	0.77671	0.97939	0.83593	0.28848	0.38341	0.45516	0.51176	0.55672	
9	10	1	100	9	10	1
424327	0.77776	0.97893	0.83353	0.28479	0.3788	0.45055	0.50692	0.55194	
9	30	1	100	9	30	1
414630	0.77826	0.97732	0.82989	0.27926	0.37327	0.44502	0.50138	0.54569	
9	50	1	100	9	50	1
403304	0.77883	0.97626	0.82611	0.27281	0.36682	0.43857	0.49447	0.53925	
9	70	1	100	9	70	1
390582	0.77926	0.97492	0.82293	0.26359	0.35945	0.43182	0.48778	0.53355	
9	90	1	100	9	90	1
377145	0.77975	0.97363	0.81846	0.26175	0.35622	0.42568	0.48064	0.52546	
9	110	1	100	9	110	1
363438	0.78044	0.97262	0.81362	0.25622	0.34885	0.41861	0.47165	0.51737	
9	130	1	100	9	130	1
349634	0.78105	0.97119	0.80827	0.24977	0.33963	0.40878	0.4615	0.50726	
9	150	1	100	9	150	1
336332	0.78148	0.97017	0.80343	0.2424	0.32995	0.4008	0.45436	0.49917	
9	1	3	100	9	1	3
430127	0.77671	0.97939	0.83593	0.28848	0.38341	0.45516	0.51176	0.55672	
9	10	3	100	9	10	3
424327	0.77776	0.97893	0.83353	0.28479	0.3788	0.45055	0.50692	0.55194	
9	30	3	100	9	30	3
414630	0.77826	0.97732	0.82989	0.27926	0.37327	0.44502	0.50138	0.54569	
9	50	3	100	9	50	3
403304	0.77883	0.97626	0.82611	0.27281	0.36682	0.43857	0.49447	0.53925	
9	70	3	100	9	70	3
390582	0.77926	0.97492	0.82293	0.26359	0.35945	0.43182	0.48778	0.53355	
9	90	3	100	9	90	3
377145	0.77975	0.97363	0.81846	0.26175	0.35622	0.42568	0.48064	0.52546	
9	110	3	100	9	110	3
363438	0.78044	0.97262	0.81362	0.25622	0.34885	0.41861	0.47165	0.51737	
9	130	3	100	9	130	3
349634	0.78105	0.97119	0.80827	0.24977	0.33963	0.40878	0.4615	0.50726	
9	150	3	100	9	150	3
336332	0.78148	0.97017	0.80343	0.2424	0.32995	0.4008	0.45436	0.49917	
9	1	5	100	9	1	5
493857	0.72626	0.94468	0.81583	0.25346	0.3576	0.43028	0.48248	0.52436	
9	10	5	100	9	10	5
487336	0.72751	0.94403	0.81394	0.25346	0.35622	0.42844	0.48018	0.52124	
9	30	5	100	9	30	5
476377	0.728	0.94224	0.81044	0.24424	0.34977	0.42199	0.47395	0.5148	
9	50	5	100	9	50	5
463675	0.7286	0.94072	0.80716	0.23871	0.34332	0.41523	0.46773	0.50965	
9	70	5	100	9	70	5
449404	0.72908	0.93942	0.80408	0.23134	0.33502	0.4094	0.46173	0.50377	
9	90	5	100	9	90	5
434235	0.72963	0.93781	0.8002	0.22581	0.32995	0.40264	0.45551	0.49715	
9	110	5	100	9	110	5
418718	0.73035	0.93629	0.79596	0.2212	0.32212	0.39527	0.44721	0.48943	
9	130	5	100	9	130	5
403035	0.73099	0.93472	0.79158	0.21659	0.31475	0.38575	0.43707	0.47987	
9	150	5	100	9	150	5
388074	0.73181	0.9332	0.78743	0.21014	0.30599	0.37746	0.42969	0.47196	
9	1	7	100	9	1	7
493857	0.72626	0.94468	0.81583	0.25346	0.3576	0.43028	0.48248	0.52436	
9	10	7	100	9	10	7
487336	0.72751	0.94403	0.81394	0.25346	0.35622	0.42844	0.48018	0.52124	
9	30	7	100	9	30	7
476377	0.728	0.94224	0.81044	0.24424	0.34977	0.42199	0.47395	0.5148	
9	50	7	100	9	50	7
463675	0.7286	0.94072	0.80716	0.23871	0.34332	0.41523	0.46773	0.50965	
9	70	7	100	9	70	7
449404	0.72908	0.93942	0.80408	0.23134	0.33502	0.4094	0.46173	0.50377	
9	90	7	100	9	90	7
434235	0.72963	0.93781	0.8002	0.22581	0.32995	0.40264	0.45551	0.49715	
9	110	7	100	9	110	7
418718	0.73035	0.93629	0.79596	0.2212	0.32212	0.39527	0.44721	0.48943	
9	130	7	100	9	130	7
403035	0.73099	0.93472	0.79158	0.21659	0.31475	0.38575	0.43707	0.47987	
9	150	7	100	9	150	7
388074	0.73181	0.9332	0.78743	0.21014	0.30599	0.37746	0.42969	0.47196	
9	1	9	100	9	1	9
493857	0.72626	0.94468	0.81583	0.25346	0.3576	0.43028	0.48248	0.52436	
9	10	9	100	9	10	9
487336	0.72751	0.94403	0.81394	0.25346	0.35622	0.42844	0.48018	0.52124	
9	30	9	100	9	30	9
476377	0.728	0.94224	0.81044	0.24424	0.34977	0.42199	0.47395	0.5148	
9	50	9	100	9	50	9
463675	0.7286	0.94072	0.80716	0.23871	0.34332	0.41523	0.46773	0.50965	
9	70	9	100	9	70	9
449404	0.72908	0.93942	0.80408	0.23134	0.33502	0.4094	0.46173	0.50377	
9	90	9	100	9	90	9
434235	0.72963	0.93781	0.8002	0.22581	0.32995	0.40264	0.45551	0.49715	
9	110	9	100	9	110	9
418718	0.73035	0.93629	0.79596	0.2212	0.32212	0.39527	0.44721	0.48943	
9	130	9	100	9	130	9
403035	0.73099	0.93472	0.79158	0.21659	0.31475	0.38575	0.43707	0.47987	
9	150	9	100	9	150	9
388074	0.73181	0.9332	0.78743	0.21014	0.30599	0.37746	0.42969	0.47196	
9	1	11	100	9	1	11
493857	0.72626	0.94468	0.81583	0.25346	0.3576	0.43028	0.48248	0.52436	
9	10	11	100	9	10	11
487336	0.72751	0.94403	0.81394	0.25346	0.35622	0.42844	0.48018	0.52124	
9	30	11	100	9	30	11
476377	0.728	0.94224	0.81044	0.24424	0.34977	0.42199	0.47395	0.5148	
9	50	11	100	9	50	11
463675	0.7286	0.94072	0.80716	0.23871	0.34332	0.41523	0.46773	0.50965	
9	70	11	100	9	70	11
449404	0.72908	0.93942	0.80408	0.23134	0.33502	0.4094	0.46173	0.50377	
9	90	11	100	9	90	11
434235	0.72963	0.93781	0.8002	0.22581	0.32995	0.40264	0.45551	0.49715	
9	110	11	100	9	110	11
418718	0.73035	0.93629	0.79596	0.2212	0.32212	0.39527	0.44721	0.48943	
9	130	11	100	9	130	11
403035	0.73099	0.93472	0.79158	0.21659	0.31475	0.38575	0.43707	0.47987	
9	150	11	100	9	150	11
388074	0.73181	0.9332	0.78743	0.21014	0.30599	0.37746	0.42969	0.47196	
9	1	13	100	9	1	13
493857	0.72626	0.94468	0.81583	0.25346	0.3576	0.43028	0.48248	0.52436	
9	10	13	100	9	10	13
487336	0.72751	0.94403	0.81394	0.25346	0.35622	0.42844	0.48018	0.52124	
9	30	13	100	9	30	13
476377	0.728	0.94224	0.81044	0.24424	0.34977	0.42199	0.47395	0.5148	
9	50	13	100	9	50	13
463675	0.7286	0.94072	0.80716	0.23871	0.34332	0.41523	0.46773	0.50965	
9	70	13	100	9	70	13
449404	0.72908	0.93942	0.80408	0.23134	0.33502	0.4094	0.46173	0.50377	
9	90	13	100	9	90	13
434235	0.72963	0.93781	0.8002	0.22581	0.32995	0.40264	0.45551	0.49715	
9	110	13	100	9	110	13
418718	0.73035	0.93629	0.79596	0.2212	0.32212	0.39527	0.44721	0.48943	
9	130	13	100	9	130	13
403035	0.73099	0.93472	0.79158	0.21659	0.31475	0.38575	0.43707	0.47987	
9	150	13	100	9	150	13
388074	0.73181	0.9332	0.78743	0.21014	0.30599	0.37746	0.42969	0.47196	
9	1	15	100	9	1	15
411085	0.71536	0.90803	0.75267	0.22581	0.29816	0.36241	0.41079	0.44916	
9	10	15	100	9	10	15
405702	0.71648	0.90748	0.75065	0.2212	0.29493	0.35964	0.40756	0.44604	
9	30	15	100	9	30	15
396597	0.71703	0.90591	0.7465	0.21567	0.28986	0.35442	0.40272	0.44126	
9	50	15	100	9	50	15
385972	0.71768	0.90503	0.7435	0.21198	0.28525	0.34951	0.39719	0.43648	
9	70	15	100	9	70	15
374058	0.71813	0.90393	0.73995	0.20553	0.2788	0.34398	0.39119	0.43023	
9	90	15	100	9	90	15
361462	0.71893	0.90241	0.73654	0.20276	0.27604	0.34029	0.38704	0.42526	
9	110	15	100	9	110	15
348514	0.71988	0.90098	0.73271	0.19816	0.27097	0.33538	0.38082	0.41938	
9	130	15	100	9	130	15
335436	0.72066	0.8995	0.72819	0.19447	0.26544	0.32801	0.37252	0.41092	
9	150	15	100	9	150	15
322806	0.72138	0.89793	0.72405	0.19078	0.25945	0.32217	0.36653	0.40467	
11	1	1	100	11	1	1
434087	0.76546	0.9663	0.81159	0.26728	0.34931	0.42629	0.47695	0.51627	
11	10	1	100	11	10	1
428898	0.76651	0.96584	0.80988	0.26636	0.34747	0.42414	0.47395	0.51351	
11	30	1	100	11	30	1
419187	0.76726	0.9646	0.80615	0.25899	0.34101	0.41861	0.46819	0.50781	
11	50	1	100	11	50	1
407148	0.76797	0.96317	0.80269	0.25438	0.33825	0.41493	0.46381	0.50211	
11	70	1	100	11	70	1
393088	0.76894	0.96188	0.79864	0.24608	0.33088	0.40633	0.45528	0.49384	
11	90	1	100	11	90	1
377756	0.76978	0.96082	0.79356	0.23963	0.32581	0.40049	0.44859	0.48722	
11	110	1	100	11	110	1
361980	0.77037	0.95952	0.78739	0.23226	0.31613	0.38974	0.43799	0.47748	
11	130	1	100	11	130	1
346526	0.77113	0.95869	0.78153	0.22581	0.30737	0.37838	0.42716	0.46681	
11	150	1	100	11	150	1
331701	0.77189	0.95699	0.77549	0.21935	0.29908	0.37039	0.4184	0.45744	
11	1	3	100	11	1	3
434087	0.76546	0.9663	0.81159	0.26728	0.34931	0.42629	0.47695	0.51627	
11	10	3	100	11	10	3
428898	0.76651	0.96584	0.80988	0.26636	0.34747	0.42414	0.47395	0.51351	
11	30	3	100	11	30	3
419187	0.76726	0.9646	0.80615	0.25899	0.34101	0.41861	0.46819	0.50781	
11	50	3	100	11	50	3
407148	0.76797	0.96317	0.80269	0.25438	0.33825	0.41493	0.46381	0.50211	
11	70	3	100	11	70	3
393088	0.76894	0.96188	0.79864	0.24608	0.33088	0.40633	0.45528	0.49384	
11	90	3	100	11	90	3
377756	0.76978	0.96082	0.79356	0.23963	0.32581	0.40049	0.44859	0.48722	
11	110	3	100	11	110	3
361980	0.77037	0.95952	0.78739	0.23226	0.31613	0.38974	0.43799	0.47748	
11	130	3	100	11	130	3
346526	0.77113	0.95869	0.78153	0.22581	0.30737	0.37838	0.42716	0.46681	
11	150	3	100	11	150	3
331701	0.77189	0.95699	0.77549	0.21935	0.29908	0.37039	0.4184	0.45744	
11	1	5	100	11	1	5
434087	0.76546	0.9663	0.81159	0.26728	0.34931	0.42629	0.47695	0.51627	
11	10	5	100	11	10	5
428898	0.76651	0.96584	0.80988	0.26636	0.34747	0.42414	0.47395	0.51351	
11	30	5	100	11	30	5
419187	0.76726	0.9646	0.80615	0.25899	0.34101	0.41861	0.46819	0.50781	
11	50	5	100	11	50	5
407148	0.76797	0.96317	0.80269	0.25438	0.33825	0.41493	0.46381	0.50211	
11	70	5	100	11	70	5
393088	0.76894	0.96188	0.79864	0.24608	0.33088	0.40633	0.45528	0.49384	
11	90	5	100	11	90	5
377756	0.76978	0.96082	0.79356	0.23963	0.32581	0.40049	0.44859	0.48722	
11	110	5	100	11	110	5
361980	0.77037	0.95952	0.78739	0.23226	0.31613	0.38974	0.43799	0.47748	
11	130	5	100	11	130	5
346526	0.77113	0.95869	0.78153	0.22581	0.30737	0.37838	0.42716	0.46681	
11	150	5	100	11	150	5
331701	0.77189	0.95699	0.77549	0.21935	0.29908	0.37039	0.4184	0.45744	
11	1	7	100	11	1	7
488072	0.71296	0.93325	0.78955	0.25069	0.33641	0.40479	0.45228	0.49163	
11	10	7	100	11	10	7
482462	0.71417	0.93219	0.78789	0.25069	0.33502	0.40264	0.44975	0.48888	
11	30	7	100	11	30	7
471920	0.71502	0.93099	0.78453	0.24424	0.33041	0.39834	0.44491	0.48446	
11	50	7	100	11	50	7
458607	0.71581	0.92947	0.78121	0.24147	0.32719	0.39373	0.44053	0.48005	
11	70	7	100	11	70	7
443095	0.71687	0.92795	0.77757	0.23687	0.32074	0.38575	0.43292	0.47288	
11	90	7	100	11	90	7
426244	0.71791	0.92661	0.77319	0.23318	0.31613	0.37991	0.42692	0.46626	
11	110	7	100	11	110	7
408779	0.71879	0.92509	0.76816	0.22581	0.30553	0.3707	0.41655	0.45725	
11	130	7	100	11	130	7
391556	0.71962	0.92361	0.76217	0.2212	0.3	0.3621	0.40641	0.44806	
11	150	7	100	11	150	7
374953	0.7206	0.92103	0.75664	0.21475	0.29124	0.35381	0.39765	0.43887	
11	1	9	100	11	1	9
488072	0.71296	0.93325	0.78955	0.25069	0.33641	0.40479	0.45228	0.49163	
11	10	9	100	11	10	9
482462	0.71417	0.93219	0.78789	0.25069	0.33502	0.40264	0.44975	0.48888	
11	30	9	100	11	30	9
471920	0.71502	0.93099	0.78453	0.24424	0.33041	0.39834	0.44491	0.48446	
11	50	9	100	11	50	9
458607	0.71581	0.92947	0.78121	0.24147	0.32719	0.39373	0.44053	0.48005	
11	70	9	100	11	70	9
443095	0.71687	0.92795	0.77757	0.23687	0.32074	0.38575	0.43292	0.47288	
11	90	9	100	11	90	9
426244	0.71791	0.92661	0.77319	0.23318	0.31613	0.37991	0.42692	0.46626	
11	110	9	100	11	110	9
408779	0.71879	0.92509	0.76816	0.22581	0.30553	0.3707	0.41655	0.45725	
11	130	9	100	11	130	9
391556	0.71962	0.92361	0.76217	0.2212	0.3	0.3621	0.40641	0.44806	
11	150	9	100	11	150	9
374953	0.7206	0.92103	0.75664	0.21475	0.29124	0.35381	0.39765	0.43887	
11	1	11	100	11	1	11
488072	0.71296	0.93325	0.78955	0.25069	0.33641	0.40479	0.45228	0.49163	
11	10	11	100	11	10	11
482462	0.71417	0.93219	0.78789	0.25069	0.33502	0.40264	0.44975	0.48888	
11	30	11	100	11	30	11
471920	0.71502	0.93099	0.78453	0.24424	0.33041	0.39834	0.44491	0.48446	
11	50	11	100	11	50	11
458607	0.71581	0.92947	0.78121	0.24147	0.32719	0.39373	0.44053	0.48005	
11	70	11	100	11	70	11
443095	0.71687	0.92795	0.77757	0.23687	0.32074	0.38575	0.43292	0.47288	
11	90	11	100	11	90	11
426244	0.71791	0.92661	0.77319	0.23318	0.31613	0.37991	0.42692	0.46626	
11	110	11	100	11	110	11
408779	0.71879	0.92509	0.76816	0.22581	0.30553	0.3707	0.41655	0.45725	
11	130	11	100	11	130	11
391556	0.71962	0.92361	0.76217	0.2212	0.3	0.3621	0.40641	0.44806	
11	150	11	100	11	150	11
374953	0.7206	0.92103	0.75664	0.21475	0.29124	0.35381	0.39765	0.43887	
11	1	13	100	11	1	13
488072	0.71296	0.93325	0.78955	0.25069	0.33641	0.40479	0.45228	0.49163	
11	10	13	100	11	10	13
482462	0.71417	0.93219	0.78789	0.25069	0.33502	0.40264	0.44975	0.48888	
11	30	13	100	11	30	13
471920	0.71502	0.93099	0.78453	0.24424	0.33041	0.39834	0.44491	0.48446	
11	50	13	100	11	50	13
458607	0.71581	0.92947	0.78121	0.24147	0.32719	0.39373	0.44053	0.48005	
11	70	13	100	11	70	13
443095	0.71687	0.92795	0.77757	0.23687	0.32074	0.38575	0.43292	0.47288	
11	90	13	100	11	90	13
426244	0.71791	0.92661	0.77319	0.23318	0.31613	0.37991	0.42692	0.46626	
11	110	13	100	11	110	13
408779	0.71879	0.92509	0.76816	0.22581	0.30553	0.3707	0.41655	0.45725	
11	130	13	100	11	130	13
391556	0.71962	0.92361	0.76217	0.2212	0.3	0.3621	0.40641	0.44806	
11	150	13	100	11	150	13
374953	0.7206	0.92103	0.75664	0.21475	0.29124	0.35381	0.39765	0.43887	
11	1	15	100	11	1	15
488072	0.71296	0.93325	0.78955	0.25069	0.33641	0.40479	0.45228	0.49163	
11	10	15	100	11	10	15
482462	0.71417	0.93219	0.78789	0.25069	0.33502	0.40264	0.44975	0.48888	
11	30	15	100	11	30	15
471920	0.71502	0.93099	0.78453	0.24424	0.33041	0.39834	0.44491	0.48446	
11	50	15	100	11	50	15
13	1	1	100	13	1	1
442297	0.7556	0.95616	0.78836	0.26083	0.34378	0.40479	0.44882	0.48575	
13	10	1	100	13	10	1
437981	0.75653	0.95579	0.78665	0.25806	0.34147	0.40233	0.44652	0.48318	
13	30	1	100	13	30	1
428524	0.75757	0.95431	0.78351	0.25438	0.33641	0.39711	0.44145	0.4784	
13	50	1	100	13	50	1
415579	0.75835	0.95289	0.77973	0.24885	0.3318	0.3922	0.43522	0.47233	
13	70	1	100	13	70	1
400934	0.75948	0.95215	0.77572	0.24332	0.32488	0.38606	0.42877	0.46553	
13	90	1	100	13	90	1
384872	0.76063	0.95104	0.77088	0.24055	0.32074	0.38114	0.42231	0.45854	
13	110	1	100	13	110	1
368437	0.76177	0.94966	0.76526	0.23502	0.31382	0.37162	0.41217	0.44898	
13	130	1	100	13	130	1
352140	0.76278	0.94855	0.75857	0.22396	0.30461	0.36241	0.40364	0.44052	
13	150	1	100	13	150	1
335968	0.76354	0.94652	0.75134	0.21843	0.29585	0.35258	0.39396	0.42876	
13	1	3	100	13	1	3
442297	0.7556	0.95616	0.78836	0.26083	0.34378	0.40479	0.44882	0.48575	
13	10	3	100	13	10	3
437981	0.75653	0.95579	0.78665	0.25806	0.34147	0.40233	0.44652	0.48318	
13	30	3	100	13	30	3
428524	0.75757	0.95431	0.78351	0.25438	0.33641	0.39711	0.44145	0.4784	
13	50	3	100	13	50	3
415579	0.75835	0.95289	0.77973	0.24885	0.3318	0.3922	0.43522	0.47233	
13	70	3	100	13	70	3
400934	0.75948	0.95215	0.77572	0.24332	0.32488	0.38606	0.42877	0.46553	
13	90	3	100	13	90	3
384872	0.76063	0.95104	0.77088	0.24055	0.32074	0.38114	0.42231	0.45854	
13	110	3	100	13	110	3
368437	0.76177	0.94966	0.76526	0.23502	0.31382	0.37162	0.41217	0.44898	
13	130	3	100	13	130	3
352140	0.76278	0.94855	0.75857	0.22396	0.30461	0.36241	0.40364	0.44052	
13	150	3	100	13	150	3
335968	0.76354	0.94652	0.75134	0.21843	0.29585	0.35258	0.39396	0.42876	
13	1	5	100	13	1	5
442297	0.7556	0.95616	0.78836	0.26083	0.34378	0.40479	0.44882	0.48575	
13	10	5	100	13	10	5
437981	0.75653	0.95579	0.78665	0.25806	0.34147	0.40233	0.44652	0.48318	
13	30	5	100	13	30	5
428524	0.75757	0.95431	0.78351	0.25438	0.33641	0.39711	0.44145	0.4784	
13	50	5	100	13	50	5
415579	0.75835	0.95289	0.77973	0.24885	0.3318	0.3922	0.43522	0.47233	
13	70	5	100	13	70	5
400934	0.75948	0.95215	0.77572	0.24332	0.32488	0.38606	0.42877	0.46553	
13	90	5	100	13	90	5
384872	0.76063	0.95104	0.77088	0.24055	0.32074	0.38114	0.42231	0.45854	
13	110	5	100	13	110	5
368437	0.76177	0.94966	0.76526	0.23502	0.31382	0.37162	0.41217	0.44898	
13	130	5	100	13	130	5
352140	0.76278	0.94855	0.75857	0.22396	0.30461	0.36241	0.40364	0.44052	
13	150	5	100	13	150	5
335968	0.76354	0.94652	0.75134	0.21843	0.29585	0.35258	0.39396	0.42876	
13	1	7	100	13	1	7
489652	0.70187	0.9208	0.76042	0.25253	0.31429	0.37469	0.4237	0.45946	
13	10	7	100	13	10	7
484953	0.70284	0.92011	0.75871	0.24977	0.31198	0.37193	0.42139	0.45725	
13	30	7	100	13	30	7
474836	0.70374	0.91891	0.75553	0.24516	0.30691	0.36609	0.4154	0.45174	
13	50	7	100	13	50	7
461073	0.70471	0.91711	0.75244	0.23963	0.30184	0.36149	0.41079	0.44732	
13	70	7	100	13	70	7
444965	0.70593	0.91582	0.74889	0.23502	0.29539	0.35534	0.40433	0.44071	
13	90	7	100	13	90	7
427362	0.70721	0.91421	0.74415	0.23134	0.29032	0.34982	0.39719	0.43427	
13	110	7	100	13	110	7
409187	0.70857	0.91227	0.73852	0.22581	0.28479	0.34306	0.38958	0.42618	
13	130	7	100	13	130	7
391115	0.70977	0.9107	0.73234	0.21843	0.27834	0.336	0.38243	0.41828	
13	150	7	100	13	150	7
373287	0.71071	0.90831	0.72598	0.21382	0.27235	0.32924	0.37529	0.40963	
13	1	9	100	13	1	9
489652	0.70187	0.9208	0.76042	0.25253	0.31429	0.37469	0.4237	0.45946	
13	10	9	100	13	10	9
484953	0.70284	0.92011	0.75871	0.24977	0.31198	0.37193	0.42139	0.45725	
13	30	9	100	13	30	9
474836	0.70374	0.91891	0.75553	0.24516	0.30691	0.36609	0.4154	0.45174	
13	50	9	100	13	50	9
461073	0.70471	0.91711	0.75244	0.23963	0.30184	0.36149	0.41079	0.44732	
13	70	9	100	13	70	9
444965	0.70593	0.91582	0.74889	0.23502	0.29539	0.35534	0.40433	0.44071	
13	90	9	100	13	90	9
427362	0.70721	0.91421	0.74415	0.23134	0.29032	0.34982	0.39719	0.43427	
13	110	9	100	13	110	9
409187	0.70857	0.91227	0.73852	0.22581	0.28479	0.34306	0.38958	0.42618	
13	130	9	100	13	130	9
391115	0.70977	0.9107	0.73234	0.21843	0.27834	0.336	0.38243	0.41828	
13	150	9	100	13	150	9
373287	0.71071	0.90831	0.72598	0.21382	0.27235	0.32924	0.37529	0.40963	
13	1	11	100	13	1	11
489652	0.70187	0.9208	0.76042	0.25253	0.31429	0.37469	0.4237	0.45946	
13	10	11	100	13	10	11
484953	0.70284	0.92011	0.75871	0.24977	0.31198	0.37193	0.42139	0.45725	
13	30	11	100	13	30	11
474836	0.70374	0.91891	0.75553	0.24516	0.30691	0.36609	0.4154	0.45174	
13	50	11	100	13	50	11
461073	0.70471	0.91711	0.75244	0.23963	0.30184	0.36149	0.41079	0.44732	
13	70	11	100	13	70	11
444965	0.70593	0.91582	0.74889	0.23502	0.29539	0.35534	0.40433	0.44071	
13	90	11	100	13	90	11
427362	0.70721	0.91421	0.74415	0.23134	0.29032	0.34982	0.39719	0.43427	
13	110	11	100	13	110	11
409187	0.70857	0.91227	0.73852	0.22581	0.28479	0.34306	0.38958	0.42618	
13	130	11	100	13	130	11
391115	0.70977	0.9107	0.73234	0.21843	0.27834	0.336	0.38243	0.41828	
13	150	11	100	13	150	11
373287	0.71071	0.90831	0.72598	0.21382	0.27235	0.32924	0.37529	0.40963	
13	1	13	100	13	1	13
489652	0.70187	0.9208	0.76042	0.25253	0.31429	0.37469	0.4237	0.45946	
13	10	13	100	13	10	13
484953	0.70284	0.92011	0.75871	0.24977	0.31198	0.37193	0.42139	0.45725	
13	30	13	100	13	30	13
474836	0.70374	0.91891	0.75553	0.24516	0.30691	0.36609	0.4154	0.45174	
13	50	13	100	13	50	13
461073	0.70471	0.91711	0.75244	0.23963	0.30184	0.36149	0.41079	0.44732	
13	70	13	100	13	70	13
444965	0.70593	0.91582	0.74889	0.23502	0.29539	0.35534	0.40433	0.44071	
13	90	13	100	13	90	13
8	5	8	5	