100	3	1
8	5	100	3	1
212089	0.80907	0.94643	0.76318	0.21843	0.28986	0.3535	0.38843	0.42986	
8	7	100	3	1
238492	0.80935	0.95487	0.78545	0.247	0.31889	0.38544	0.42231	0.46534	
8	9	100	3	1
251721	0.80951	0.95851	0.79499	0.25714	0.33364	0.40172	0.4373	0.48115	
8	11	100	3	1
258916	0.80944	0.96012	0.7991	0.26452	0.34009	0.40878	0.44514	0.48888	
8	13	100	3	1
263116	0.80932	0.96072	0.80126	0.27005	0.34562	0.414	0.44998	0.49311	
8	15	100	3	1
265805	0.80925	0.96128	0.80329	0.27281	0.34747	0.41615	0.45251	0.4955	
10	5	100	3	1
181586	0.81011	0.92269	0.72317	0.18618	0.2576	0.31419	0.34417	0.38261	
10	7	100	3	1
204943	0.81051	0.93279	0.74562	0.21567	0.28525	0.34337	0.37437	0.41441	
10	9	100	3	1
216691	0.81059	0.9373	0.75558	0.22581	0.29908	0.35872	0.38912	0.43004	
10	11	100	3	1
223180	0.81053	0.93901	0.76028	0.23226	0.30507	0.36517	0.39673	0.4374	
10	13	100	3	1
226996	0.81044	0.93984	0.7624	0.23779	0.31014	0.37039	0.40134	0.44144	
10	15	100	3	1
229425	0.81036	0.94067	0.76438	0.24055	0.31198	0.37254	0.40433	0.4442	
12	5	100	3	1
140798	0.80997	0.88166	0.65757	0.14839	0.20507	0.24846	0.27616	0.30796	
12	7	100	3	1
159437	0.81062	0.89452	0.68117	0.17143	0.22857	0.27273	0.30152	0.33536	
12	9	100	3	1
168981	0.81065	0.90075	0.69178	0.18157	0.24286	0.28686	0.31535	0.35025	
12	11	100	3	1
174288	0.8106	0.90268	0.6968	0.18894	0.24931	0.2933	0.32319	0.3576	
12	13	100	3	1
177469	0.81058	0.90388	0.69966	0.19447	0.25438	0.29883	0.32803	0.36238	
12	15	100	3	1
179475	0.81052	0.90443	0.70155	0.19724	0.25622	0.30098	0.33057	0.36496	
14	5	100	3	1
96955	0.81139	0.81016	0.56422	0.10415	0.147	0.17383	0.19525	0.22155	
14	7	100	3	1
110105	0.81207	0.82749	0.58814	0.12074	0.16498	0.19287	0.21623	0.2449	
14	9	100	3	1
116840	0.81209	0.83441	0.60022	0.12995	0.17696	0.20516	0.22868	0.25795	
14	11	100	3	1
120662	0.81184	0.83713	0.60594	0.13733	0.18387	0.2113	0.23513	0.26402	
14	13	100	3	1
122955	0.81181	0.83911	0.60857	0.14194	0.18802	0.21652	0.23974	0.26806	
14	15	100	3	1
124381	0.81165	0.83999	0.61022	0.14378	0.1894	0.21806	0.24159	0.2699	
2	5	100	3	1
240972	0.80782	0.96736	0.79615	0.25346	0.3341	0.39773	0.43615	0.47913	
2	7	100	3	1
270024	0.80798	0.97405	0.81694	0.28479	0.3659	0.43243	0.47211	0.51535	
4	5	100	3	1
244004	0.80762	0.96658	0.79698	0.25438	0.3341	0.39834	0.43615	0.47968	
4	7	100	3	1
267788	0.8079	0.97142	0.81408	0.28203	0.36129	0.42721	0.46657	0.51002	
6	5	100	3	1
230746	0.80801	0.95916	0.78393	0.24424	0.31889	0.38206	0.42001	0.46148	
6	7	100	3	1
258802	0.80815	0.96639	0.80527	0.27281	0.34885	0.41523	0.45482	0.49715	
